0.0368828 0.0368828 0.0362027
-0.00463607 -0.189188 0.495375
-0.00246925 0.585755 0.747534
-0.792637 -0.12523 0.7715
0.273917 -0.665795 0.111402
-0.188233 -0.0178993 0.204483
-0.149478 -0.353601 0.486694
-0.182585 -0.82889 0.959084
-0.403455 -0.907031 0.615433
0.101183 -0.624231 0.533564
0.47396 0.59878 0.049141
-0.0939514 -0.223256 0.097962
0.00564751 -0.0343088 0.818132
-0.605584 0.493568 0.890282
-0.862409 -0.120477 0.0719657
0.457985 -0.408614 0.41561
0.972336 0.0629407 0.468367
-0.00233721 0.535977 0.466416
0.636835 0.260919 0.152805
0.191534 -0.226244 0.391942
0.0391977 -0.504177 0.882179
0.155847 -0.412398 0.487453
-0.0816416 0.0345567 0.515441
-0.722321 0.821982 0.632303
-0.546284 -0.218367 0.509179
-0.693757 -0.593129 0.953143
0.282511 -0.149332 0.898855
-0.321598 -0.107016 0.886365
0.437092 0.748988 0.122818
-0.503256 -0.591002 0.904627
0.0930494 -0.302251 0.61997
-0.197632 0.383457 0.853147
-0.149771 -0.478573 0.845819
-0.500198 0.441151 0.109276
0.0298729 0.419833 0.763802
0.0304488 0.182192 0.26436
0.158816 0.0565622 0.00557983
0.157902 -0.119629 0.50481
0.0220692 0.44728 0.631201
0.0403267 0.382558 0.148889
0.0309949 0.672027 0.95239
0.151428 0.528828 0.561838
0.558628 0.445158 0.0744703
-0.404676 0.696746 0.84908
-0.279377 0.897975 0.556524
-0.598764 -0.0368907 0.87737
-0.509146 -0.582634 0.167344
-0.00522692 -0.232213 0.0416617
0.589524 -0.635554 0.36888
-0.327443 -0.351686 0.179292
0.14521 -0.364407 0.837792
0.865302 0.00269879 0.694053
-0.444859 0.133041 0.482216
-0.140063 0.191519 0.197871
-0.11194 0.924388 0.47245
-0.170825 0.336547 0.921891
-0.259526 0.463594 0.664776
0.142974 -0.435765 0.523378
0.511818 0.862886 0.0214641
-0.14814 -0.21779 0.00345731
0.166968 0.182159 0.918654
-0.342642 -0.648058 0.981685
-0.875935 -0.0652259 0.023321
-0.548739 -0.401382 0.617443
0.206792 -0.618793 0.177598
-0.144665 0.0904747 0.357987
0.603301 0.427885 0.163502
-0.469699 0.528767 0.882797
0.340038 -0.0111434 0.149413
-0.174952 0.869542 0.20754
-0.409069 -0.095488 0.291787
-0.151929 -0.0754274 0.9768
0.255263 0.294502 0.152371
-0.38271 -0.676551 0.120211
0.327482 -0.338215 0.953547
-0.0615749 0.416707 0.120008
-0.283511 0.110703 0.561365
-0.0441917 0.149136 0.261472
0.63032 0.379264 0.986356
0.0399916 -0.295443 0.0938795
0.234007 0.169602 0.167565
0.338894 -0.297829 0.742407
0.353734 0.433531 0.00210786
-0.0801841 -0.219295 0.133968
0.38276 0.30815 0.145445
0.28602 0.0300657 0.581054
0.0232966 0.532787 0.608963
0.43181 -0.450718 0.424518
0.596044 -0.132223 0.316847
-0.864164 -0.224542 0.907663
-0.235916 0.807658 0.44035
-0.523691 0.147191 0.761873
-0.25687 0.303404 0.549558
-0.554697 0.0251648 0.872585
0.492782 0.510917 0.894802
-0.0740619 -0.263728 0.952118
-0.330789 -0.0368188 0.700485
0.238642 0.341877 0.686729
0.154293 -0.226703 0.868953
-0.0426852 0.311491 0.184788
-0.136033 0.147128 0.724782
-0.149793 -0.0430839 0.212988
-0.83449 0.374796 0.115259
0.076041 -0.371755 0.174712
-0.0306093 -0.30734 0.883922
-0.21558 -0.789615 0.22172
0.867306 -0.239732 0.155259
0.137951 0.306569 0.292499
0.344889 0.0954983 0.0744774
0.0728718 -0.353357 0.359279
-0.253374 0.0009154 0.317787
0.645069 -0.544706 0.476074
0.23177 -0.528558 0.150224
-0.119562 0.136446 0.332898
-0.451952 -0.589698 0.345491
0.210143 -0.0456501 0.383375
0.755718 0.220033 0.290476
0.442427 -0.339142 0.664869
-0.411959 -0.49002 0.243209
0.603697 0.240986 0.491784
-0.451641 -0.37108 0.533161
0.21371 0.0743967 0.573687
-0.119117 0.456062 0.52079
-0.153225 0.317426 0.991326
-0.497174 -0.00673967 0.38423
0.163299 0.45258 0.407779
-0.228094 0.544515 0.305732
-0.674271 -0.0153879 0.560862
